              precision    recall  f1-score   support

           0       0.00      0.00      0.00         1
           1       0.11      0.14      0.12         7
           2       0.00      0.00      0.00        15
           3       0.00      0.00      0.00        61
           4       0.00      0.00      0.00       105
           5       0.00      0.00      0.00       249
           6       0.15      0.00      0.01       648
           7       0.42      0.72      0.53      1577
           8       0.37      0.41      0.39      1212
           9       0.29      0.08      0.13       203
          10       1.00      0.03      0.06        33

    accuracy                           0.40      4111
   macro avg       0.21      0.13      0.11      4111
weighted avg       0.32      0.40      0.33      4111
