              precision    recall  f1-score   support

           0       0.00      0.00      0.00         1
           1       0.00      0.00      0.00         7
           2       0.00      0.00      0.00        15
           3       0.00      0.00      0.00        61
           4       0.00      0.00      0.00       105
           5       0.00      0.00      0.00       249
           6       0.18      0.03      0.05       648
           7       0.38      0.94      0.54      1577
           8       0.20      0.01      0.01      1212
           9       0.05      0.02      0.03       203
          10       0.00      0.00      0.00        33

    accuracy                           0.37      4111
   macro avg       0.07      0.09      0.06      4111
weighted avg       0.23      0.37      0.22      4111
