              precision    recall  f1-score   support

           0       0.00      0.00      0.00         1
           1       0.00      0.00      0.00         7
           2       0.01      0.13      0.02        15
           3       0.03      0.05      0.04        61
           4       0.00      0.00      0.00       105
           5       0.00      0.00      0.00       249
           6       0.16      0.15      0.15       648
           7       0.41      0.77      0.53      1577
           8       0.21      0.02      0.03      1212
           9       0.10      0.00      0.01       203
          10       0.00      0.00      0.00        33

    accuracy                           0.33      4111
   macro avg       0.08      0.10      0.07      4111
weighted avg       0.25      0.33      0.24      4111
